<?xml version="1.0"?>
<opencv_storage>
  <K type_id="opencv-matrix">
    <rows>3</rows>
    <cols>3</cols>
    <dt>d</dt>
    <data>
        759.37924000             0.00000000           638.72186000
          0.00000000           760.37223000           522.12229000
          0.00000000             0.00000000             1.00000000
    </data>
  </K>
  <D type_id="opencv-matrix">
    <rows>5</rows>
    <cols>1</cols>
    <dt>d</dt>
    <data>
         -0.02988
          0.04773
          0.00014
          0.00020
          0.00000
    </data>
  </D>
  <R type_id="opencv-matrix">
    <rows>3</rows>
    <cols>3</cols>
    <dt>d</dt>
    <data>
          1.0000000000000000     0.0000000000000000     0.0000000000000000
          0.0000000000000000     1.0000000000000000     0.0000000000000000
          0.0000000000000000     0.0000000000000000     1.0000000000000000
    </data>
  </R>
  <T type_id="opencv-matrix">
    <rows>3</rows>
    <cols>1</cols>
    <dt>d</dt>
    <data>
          0.0000000000000000
          0.0000000000000000
          0.0000000000000000
    </data>
  </T>
</opencv_storage>
